 sudoku1 = [
        [4,10,9,15,1,7,13,8,6,14,2,12,16,5,3,11],
        [2,5,3,1,15,4,11,16,13,9,8,7,6,10,12,14],
        [14,6,13,12,3,10,5,2,16,11,1,4,8,15,9,7],
        [11,7,16,8,6,14,9,12,5,3,10,15,1,2,13,4],
        [8,16,11,4,13,15,14,9,2,5,7,3,12,1,10,6],
        [1,14,6,13,12,8,4,5,10,16,9,11,2,3,7,15],
        [10,15,5,3,2,1,6,7,4,12,14,8,9,11,16,13],
        [12,2,7,9,11,3,16,10,15,13,6,1,4,8,14,5],
        [9,4,1,10,14,2,3,13,11,15,12,6,7,16,5,8],
        [5,8,14,16,7,9,1,6,3,4,13,10,11,12,15,2],
        [7,3,15,6,16,11,12,4,8,2,5,9,14,13,1,10],
        [13,12,2,11,10,5,8,15,7,1,16,14,3,6,4,9],
        [15,9,8,2,4,12,7,3,1,10,11,13,5,14,6,16],
        [6,13,12,5,9,16,15,1,14,8,4,2,10,7,11,3],
        [16,11,4,7,8,13,10,14,12,6,3,5,15,9,2,1],
        [3,1,10,14,5,6,2,11,9,7,15,16,13,4,8,12],
    ]

    sudoku2 = [
        [15,16,5,10,4,8,11,6,7,9,13,12,1,2,14,3],
        [8,7,12,9,3,5,15,14,11,2,10,1,16,6,13,4],
        [1,11,4,6,2,12,9,13,15,3,16,14,8,7,5,10],
        [14,13,2,3,16,10,7,1,4,6,5,8,11,15,9,12],
        [2,12,9,8,13,7,6,11,10,15,14,5,3,1,4,16],
        [6,3,16,14,15,1,12,4,13,8,2,11,9,5,10,7],
        [5,10,15,11,9,16,2,8,3,1,4,7,6,14,12,13],
        [7,4,1,13,10,14,3,5,9,16,12,6,15,11,8,2],
        [3,5,13,12,6,2,1,10,14,11,7,15,4,9,16,8],
        [11,6,14,1,12,13,8,16,5,4,3,9,7,10,2,15],
        [16,9,8,2,7,4,5,15,1,12,6,10,13,3,11,14],
        [10,15,7,4,11,9,14,3,16,13,8,2,5,12,1,6],
        [13,1,6,7,5,3,4,2,12,10,11,16,14,8,15,9],
        [12,8,3,16,1,11,10,9,6,14,15,13,2,4,7,5],
        [4,2,11,5,14,15,13,12,8,7,9,3,10,16,6,1],
        [9,14,10,15,8,6,16,7,2,5,1,4,12,13,3,11],
    ]

    sudoku3 = [
        [6,14,5,16,10,12,11,15,1,8,2,9,13,7,4,3],
        [12,10,11,9,1,5,2,3,16,7,4,13,15,14,6,8],
        [13,1,3,15,7,4,9,8,14,10,6,11,5,2,16,12],
        [7,8,2,4,14,6,13,16,15,12,3,5,1,11,10,9],
        [5,15,16,7,6,1,10,11,2,3,14,12,9,13,8,4],
        [2,12,4,14,16,8,3,5,13,6,9,10,11,15,7,1],
        [10,11,6,13,15,9,14,4,5,1,7,8,12,3,2,16],
        [1,9,8,3,2,13,12,7,4,16,11,15,6,10,14,5],
        [8,16,12,5,4,10,7,6,9,11,15,14,3,1,13,2],
        [3,13,15,11,12,14,5,1,7,2,10,16,8,4,9,6],
        [14,4,7,1,8,2,15,9,3,5,13,6,10,16,12,11],
        [9,6,10,2,3,11,16,13,12,4,8,1,14,5,15,7],
        [15,2,1,6,9,16,4,12,10,13,5,3,7,8,11,14],        
        [4,5,13,8,11,15,1,2,6,14,12,7,16,9,3,10],
        [16,3,14,12,13,7,8,10,11,9,1,2,4,6,5,15],
        [11,7,9,10,5,3,6,14,8,15,16,4,2,12,1,13],
    ]
